,A,T,C,G
1,0.209686,0.249612,0.291072,0.24963
2,0.198954,0.253834,0.250483,0.296729
3,0.247765,0.251456,0.249482,0.251297
4,0.290269,0.248229,0.288466,0.253036
5,0.246225,0.247373,0.252182,0.25422
6,0.24678,0.250011,0.251543,0.251666
7,0.248475,0.166003,0.253369,0.332153
8,0.248089,0.250052,0.248858,0.253001
9,0.249164,0.246565,0.250775,0.253496
10,0.24804,0.248658,0.252503,0.250799
11,0.244812,0.24612,0.256258,0.25281
12,0.288861,0.250145,0.209838,0.251156
13,0.249892,0.246398,0.251179,0.252531
14,0.248483,0.249835,0.252287,0.249395
15,0.248183,0.248145,0.251229,0.252443
